A=[0 1;-5 -1/4];
B=[0 1/2];
C=[0 1];
D=0;